PPM1 =

  -820.980984   184.218227   541.227090   297.883654
    -5.861447  -626.546969   648.287083   237.814601
    -0.026552     0.330191     0.943541     0.421986

R:
  -0.942588   0.037142   0.331885
   0.079588  -0.940179   0.331254
   0.324335   0.338651   0.883246
A:
   805.52668     0.00000   593.29559
     0.00000   805.53000   404.96053
     0.00000     0.00000     1.00000
T1 =

     0.676638651     0.049908460   416.302097390
    -0.249258026     0.984331435   128.548561345
    -0.000433864    -0.000032002     1.206954776

T2 =

     0.74094953     0.16344286   286.23499932
    -0.21585013     1.03504279     4.69405733
    -0.00035991     0.00010817     1.12280512

Pn1 =

  -566.85364   230.83845   791.36809   389.10209
   195.45328  -620.20215   624.51494   214.08415
     0.32433     0.33865     0.88325     0.37247

Pn2 =

  -566.85364   230.83845   791.36809   500.68949
   195.45328  -620.20215   624.51494   214.08415
     0.32433     0.33865     0.88325     0.37247